48 197
48 195
48 198
48 197
48 198
48 199
48 199
48 203
48 203
48 203
48 205
48 203
48 205
48 205
48 204
48 204
48 202
48 204
48 203
48 204
48 204
48 205
48 205
48 206
66 135
48 205
48 206
48 136
48 205
51 188
48 116
48 202
51 188
48 172
48 203
48 203
48 204
48 203
48 205
48 205
48 205
48 206
48 205
48 207
48 206
48 208
58 172
58 173
59 171
57 174
59 169
48 208
59 170
48 207
48 206
48 206
48 205
48 205
48 204
48 205
48 205
48 206
48 207
48 205
48 207
48 207
48 206
62 164
48 206
48 205
48 204
48 203
48 204
48 204
48 205
48 207
48 204
48 207
48 203
48 205
48 204
48 204
48 205
48 202
48 204
48 204
48 203
48 206
48 206
48 205
48 206
48 206
48 207
48 206
48 204
48 205
48 204
48 204
48 203
48 203
48 203
48 202
48 202
48 204
48 200
48 203
48 202
48 202
48 202
48 201
48 200
48 201
48 200
48 201
48 201
48 201
48 201
48 201
48 202
48 203
48 204
48 201
48 203
48 202
48 201
48 202
48 202
48 201
48 202
48 201
48 202
48 202
48 202
48 203
48 200
48 202
48 202
48 200
48 202
48 200
48 200
48 200
48 199
48 200
48 200
48 200
48 200
48 201
48 201
48 202
48 202
48 203
49 193
48 200
48 196
48 195
48 202
48 196
48 204
48 195
48 195
48 196
48 195
48 208
48 197
48 198
48 206
48 198
48 202
48 201
48 196
48 202
48 198
48 199
48 197
50 192
48 199
50 191
48 197
51 189
49 193
48 200
50 192
48 198
48 197
48 196
48 195
48 197
48 197
48 196
48 197
48 196
50 192
48 196
48 197
48 196
48 195
48 197
48 196
48 197
48 198
48 196
48 198
48 196
48 197
48 197
48 196
48 197
49 194
48 195
48 198
48 196
48 196
48 198
48 198
48 199
48 198
48 199
48 199
48 197
48 197
48 200
48 198
48 200
49 194
48 197
48 198
48 196
48 196
48 196
48 197
48 197
48 197
48 196
48 197
48 196
48 196
48 197
48 195
49 194
48 196
48 196
49 194
49 193
49 194
49 194
48 196
48 195
48 195
48 195
48 197
48 195
48 195
50 191
49 193
48 195
48 196
48 196
48 196
48 195
48 195
48 196
50 192
50 192
49 194
50 192
49 193
49 193
49 193
48 195
50 192
49 193
50 192
50 191
49 193
50 190
49 193
50 191
50 191
49 193
50 190
49 193
50 192
50 191
50 192
50 190
50 191
50 190
51 189
51 189
51 188
51 188
51 188
52 187
52 187
52 187
52 187
52 186
52 186
52 186
52 186
53 185
51 188
51 188
51 189
51 189
50 190
51 188
51 189
51 189
50 190
51 188
51 188
51 188
52 187
52 187
52 187
52 187
52 186
53 185
53 185
53 184
53 185
53 183
53 184
53 183
53 183
55 180
54 181
55 180
55 180
54 182
55 180
55 180
55 180
55 180
57 174
55 179
56 176
56 178
55 180
56 178
56 178
54 182
54 182
55 179
54 181
55 180
54 181
55 180
53 183
53 183
53 185
53 183
53 185
53 185
52 186
52 186
53 185
53 185
53 185
53 185
53 185
53 183
53 184
55 180
55 180
54 181
58 173
54 181
54 182
57 175
54 182
54 182
54 182
53 183
55 180
54 182
55 179
54 182
53 184
53 184
53 183
53 185
53 184
53 184
53 183
53 184
54 182
54 181
53 183
53 183
53 184
53 183
54 181
54 182
54 181
54 181
54 182
54 181
55 180
55 180
55 180
54 181
54 182
56 178
57 175
54 181
54 181
54 182
54 181
