48 201
48 197
48 198
48 198
48 198
48 198
48 198
48 197
48 197
48 201
48 197
48 197
48 197
48 198
48 197
48 197
48 198
48 197
48 197
48 198
48 197
48 197
48 198
48 198
48 198
48 198
48 198
48 198
48 198
48 198
48 198
48 197
48 198
48 197
48 198
48 197
48 198
48 199
48 197
48 198
48 199
48 198
48 198
48 198
48 198
48 198
48 198
48 197
48 198
48 198
48 198
48 197
48 198
48 198
48 197
48 198
48 198
48 199
48 198
48 198
48 199
48 198
48 199
48 198
48 198
48 198
48 198
48 198
48 197
48 199
48 198
48 198
48 198
48 197
51 192
51 192
51 192
51 192
51 193
51 193
51 192
51 193
51 192
51 193
51 193
51 193
51 193
51 192
51 193
51 194
51 193
51 193
51 192
51 193
51 192
51 193
51 193
51 193
51 192
51 193
51 193
51 193
51 192
51 193
51 193
51 193
51 193
51 193
51 193
51 192
51 192
51 192
51 192
51 193
51 193
51 193
51 193
51 193
51 192
51 193
51 192
51 193
51 193
51 193
51 193
66 154
66 154
66 154
66 154
66 154
66 155
66 154
66 155
66 155
66 155
66 154
66 155
66 155
66 155
66 154
66 154
66 154
66 154
66 154
66 154
66 154
66 154
66 154
66 154
66 154
66 154
66 155
66 155
66 154
66 154
66 154
66 154
66 154
66 154
66 154
66 154
66 154
66 154
66 154
66 154
66 154
66 155
66 154
66 154
66 154
66 154
66 154
66 155
66 154
66 154
66 154
66 154
66 154
66 154
66 154
66 154
66 153
66 154
66 154
66 154
66 154
66 154
66 154
66 154
66 154
66 154
66 154
66 155
66 155
66 154
66 154
66 154
66 154
66 154
66 154
66 154
66 155
66 154
66 154
66 154
66 154
66 154
66 154
66 154
66 154
66 155
66 154
66 155
66 155
66 154
66 154
66 155
66 154
66 154
66 154
66 154
66 154
66 154
66 155
66 154
66 154
66 154
66 155
66 154
66 154
66 154
66 154
66 154
66 154
66 154
66 154
66 154
66 154
66 154
66 154
66 154
66 154
66 155
66 154
66 154
66 154
66 154
66 155
66 154
66 154
66 155
66 154
66 154
66 155
66 154
66 154
66 154
66 154
66 154
66 154
66 155
66 155
66 155
66 154
66 155
66 155
66 154
66 155
66 154
66 154
66 154
66 154
66 154
66 154
66 154
66 154
66 154
66 154
66 154
66 154
66 154
66 154
66 154
66 154
66 155
66 155
66 155
66 155
66 155
66 156
66 160
64 163
62 167
61 171
58 176
56 181
55 184
53 188
53 188
53 189
53 188
53 189
