31 20230522 201350 195.811 0 -0.21840329667841557 -0.2564830433551821
32 20230522 201351 186.98 0 -0.208806130178211 -0.202794068476555
33 20230522 201352 178.144 0 -0.19924858845171275 -0.060834644424848205
34 20230522 201353 170.104 0 -0.18973665961010275 0.021206643620243826
35 20230522 201354 182.652 0 -0.18681541692269404 -0.025902623358416532
36 20230522 201355 173.145 0 -0.17720045146669353 -0.016921671059792365
37 20230522 201356 163.119 0 -0.1676305461424021 0.018779312767583933
38 20230522 201357 156.929 0 -0.1676305461424021 -0.011414883291918088
39 20230522 201358 146.537 0 -0.15811388300841897 0.037089139813392125
40 20230522 201359 156.961 0 -0.14560219778561037 0.013170326077941885
41 20230522 201400 140.47 0 -0.14560219778561037 -0.05158138917104793
42 20230522 201401 126.289 0 -0.13601470508735444 -0.025529436574266207
43 20230522 201402 132.336 0 -0.13601470508735444 -0.007028946503126132
44 20230522 201403 116.451 0 -0.12369316876852982 0.10967224087838368
45 20230522 201404 133.451 0 -0.1140175425099138 0.019807415250945315
46 20230522 201405 123.739 0 -0.10198039027185571 0.021294195425008766
47 20230522 201406 118.862 0 -0.10198039027185571 0.021294195425008766
48 20230522 201407 109.203 0 -0.09219544457292887 -0.08619845564757189
49 20230522 201408 96.539 0 -0.09219544457292887 -0.07153768993081955
50 20230522 201409 108.451 0 -0.09219544457292887 -0.007658639307827286
51 20230522 201410 100.257 0 -0.08246211251235322 -0.006392154379239123
52 20230522 201411 90.905 0 -0.08246211251235322 0.057835962094152205
53 20230522 201412 85.66 0 -0.07071067811865475 0.02321109263449994
54 20230522 201413 74.86 0 -0.07071067811865475 -0.031243180027723083
55 20230522 201414 86.822 0 -0.0608276253029822 0.017936361119578637
56 20230522 201415 75.155 0 -0.0608276253029822 -0.023253409227487642
57 20230522 201416 73.173 0 -0.0608276253029822 0.05825346684064758
58 20230522 201417 59.587 0 -0.050990195135927834 -0.032287412611216926
59 20230522 201418 45.15 0 -0.050990195135927834 0.0476486671301235
60 20230522 201419 56.115 0 -0.04123105625617658 -0.07428546228181832
61 20230522 201420 51.838 0 -0.04123105625617658 -0.009359214107629299
62 20230522 201421 43.73 1 -0.16278820596099705 -1.046156370211504
63 20230522 201422 38.899 1 -0.16278820596099705 -1.0145659107504066
64 20230522 201423 47.13 1 -0.16278820596099705 -0.939342219989451
65 20230522 201424 36.944 1 -0.16124515496597097 -0.9359325260397936
66 20230522 201425 29.337 1 -0.16124515496597097 -0.8584399072512454
67 20230522 201426 21.224 1 -0.15132745950421556 -0.8345354062333837
68 20230522 201427 12.475 1 -0.15033296378372907 -0.8261677486192757
69 20230522 201428 21.183 1 -0.15033296378372907 -0.7853270441226083
70 20230522 201429 12.127 1 -0.15033296378372907 -0.6999804437000857
71 20230522 201430 8.803 1 -0.15033296378372907 -0.6818290194793447
72 20230522 201430 997.056 1 -0.15 -0.6640977803838423
73 20230522 201431 977.458 1 -0.13999999999999999 -0.5693264020005502
74 20230522 201432 998.307 1 -0.13999999999999999 -0.5586798935633848
75 20230522 201433 990.876 1 -0.140356688476182 -0.5350414470401837
76 20230522 201434 980.215 1 -0.140356688476182 -0.5137484301658529
77 20230522 201435 972.778 1 -0.13038404810405296 -0.4715653680708955
78 20230522 201436 960.638 1 -0.13038404810405296 -0.42967746602303153
79 20230522 201437 972.398 1 -0.13152946437965904 -0.42684055388357456
80 20230522 201438 962.906 1 -0.13152946437965904 -0.3863489152373061
81 20230522 201439 955.777 1 -0.13152946437965904 -0.31775747563392887
82 20230522 201440 948.09 1 -0.1216552506059644 -0.2600945887231185
83 20230522 201441 942.391 1 -0.11180339887498948 -0.25664798688022894
84 20230522 201442 948.704 1 -0.11180339887498948 -0.17985349979247844
85 20230522 201443 940.149 1 -0.11180339887498948 -0.09677582739754827
86 20230522 201444 933.04 1 -0.11180339887498948 0.03412386650202642
87 20230522 201445 932.116 1 -0.10198039027185568 -0.08674168527344041
88 20230522 201446 933.674 1 -0.10198039027185568 -0.14189408963646116
89 20230522 201447 924.384 1 -0.10198039027185568 -0.12845505439610488
90 20230522 201448 917.585 1 -0.09055385138137416 0.0626539735491413
91 20230522 201449 908.511 1 -0.09055385138137416 -0.010998920885019636
92 20230522 201450 901.684 1 -0.08062257748298549 -0.07897643399490908
93 20230522 201451 910.838 1 -0.08062257748298549 0.0027049749984256327
94 20230522 201452 901.666 1 -0.06999999999999998 -0.047647488579445195
95 20230522 201453 894.062 1 -0.06 -0.1244419756671957
96 20230522 201454 885.289 1 -0.06 -0.14189526818713902
97 20230522 201455 875.186 2 -0.15000000000000002 -0.062482787221396996
98 20230522 201456 882.54 2 -0.15000000000000002 0.0
99 20230522 201457 877.235 2 -0.14 0.0
100 20230522 201458 870.125 2 -0.12041594578792295 -0.09662768106697467
101 20230522 201459 860.594 2 -0.12041594578792295 -0.10221273467335648
102 20230522 201500 854.028 2 -0.11045361017187265 -0.0840475709238872
103 20230522 201501 864.305 2 -0.11045361017187265 0.02416284269976121
104 20230522 201502 856.461 2 -0.10049875621120893 -0.0856853140706357
105 20230522 201503 844.403 2 -0.09055385138137419 -0.054450926064767854
106 20230522 201504 836.751 2 -0.09055385138137419 -0.0312380470132433
107 20230522 201505 830.245 2 -0.09055385138137419 -0.01378475449329998
108 20230522 201506 836.043 2 -0.09055385138137419 0.11065722117389572
109 20230522 201507 834.75 2 -0.08246211251235323 0.026288907851974824
110 20230522 201508 823.539 2 -0.0728010988928052 -0.21562851930928373
111 20230522 201509 815.292 2 -0.0632455532033676 -0.21860338202080198
112 20230522 201510 826.638 2 -0.0632455532033676 -0.14198342785825085
113 20230522 201511 818.119 2 -0.0632455532033676 -0.0997464599599881
114 20230522 201512 806.132 2 -0.050990195135927896 -0.13735859068263165
115 20230522 201513 798.918 2 -0.050990195135927896 -0.06894168400445397
116 20230522 201514 788.906 3 -0.22847319317591724 -1.345673453465229
117 20230522 201515 797.655 3 -0.22847319317591724 -1.215820957116851
118 20230522 201516 788.481 3 -0.22472205054244232 -1.1162347821067469
119 20230522 201517 780.757 3 -0.2118962010041709 -1.0543525944527534
120 20230522 201518 771.872 3 -0.2118962010041709 -1.0266018593460435
121 20230522 201519 764.725 3 -0.20880613017821098 -1.0342953053370256
122 20230522 201520 773.303 3 -0.20880613017821098 -1.0187618749942762
123 20230522 201521 766.359 3 -0.20880613017821098 -0.9765249070960136
124 20230522 201522 756.826 3 -0.20880613017821098 -0.9765249070960136
125 20230522 201523 748.546 3 -0.206155281280883 -1.0230030384470166
126 20230522 201524 739.512 3 -0.206155281280883 -0.9586003890484255
127 20230522 201525 749.897 3 -0.206155281280883 -0.9549351976192375
128 20230522 201526 743.493 3 -0.2039607805437114 -0.992918990010252
129 20230522 201527 733.546 3 -0.2039607805437114 -0.9468422977576015
130 20230522 201528 725.753 3 -0.194164878389476 -0.9367416311722797
131 20230522 201529 718.939 3 -0.19235384061671346 -0.9604088442943555
132 20230522 201530 725.11 3 -0.19235384061671346 -0.9071763021085284
133 20230522 201531 717.199 3 -0.19235384061671346 -0.8839634230570037
134 20230522 201532 709.058 3 -0.19104973174542797 -0.877917963067773
135 20230522 201533 703.346 3 -0.18110770276274835 -0.8838313866124733
136 20230522 201534 711.495 3 -0.18110770276274835 -0.8166362104106917
137 20230522 201535 701.777 3 -0.18027756377319948 -0.8492801789881436
138 20230522 201536 694.127 3 -0.17029386365926402 -0.7854599364739343
139 20230522 201537 687.146 3 -0.17 -0.8253662032681185
140 20230522 201538 679.417 3 -0.16 -0.7189011188964644
141 20230522 201539 686.043 3 -0.16 -0.7189011188964644
142 20230522 201540 676.711 3 -0.15033296378372907 -0.5828365565157467
143 20230522 201541 670.18 3 -0.15033296378372907 -0.42540785798585823
144 20230522 201542 660.955 3 -0.14142135623730948 -0.500736748814198
145 20230522 201543 654.084 3 -0.14142135623730948 -0.47665120513667625
146 20230522 201544 660.647 3 -0.14142135623730948 -0.47665120513667625
147 20230522 201545 653.474 3 -0.13152946437965904 -0.39769355537526874
148 20230522 201546 643.999 3 -0.13152946437965904 -0.39769355537526874
149 20230522 201547 635.903 3 -0.13152946437965904 -0.39769355537526874
150 20230522 201548 627.623 3 -0.1216552506059644 -0.4101929043946304
151 20230522 201549 638.992 3 -0.1236931687685298 -0.3556325377033045
152 20230522 201550 628.394 3 -0.1236931687685298 -0.3556325377033045
153 20230522 201551 619.655 3 -0.11401754250991378 -0.37690592372736575
154 20230522 201552 611.439 3 -0.11401754250991378 -3.4078447027407184
155 20230522 201553 589.734 3 -0.11401754250991378 -3.4078447027407184
156 20230522 201554 613.833 3 -0.11401754250991378 -3.4078447027407184
157 20230522 201555 602.892 3 -0.1044030650891055 -3.43304944806766
158 20230522 201556 596.308 3 -0.1044030650891055 -0.29145679447786677
159 20230522 201557 589.032 3 -0.1044030650891055 -0.29145679447786677
160 20230522 201558 596.765 3 -0.09486832980505137 -0.1763646277055142
161 20230522 201559 588.031 3 -0.09486832980505137 -0.1566424071579786
162 20230522 201600 579.97 3 -0.09486832980505137 -0.1063769247005415
163 20230522 201601 579.356 3 -0.09486832980505137 -0.09503228456257862
164 20230522 201602 564.738 3 -0.09486832980505137 -0.0189359291756257
165 20230522 201603 573.494 3 -0.08544003745317529 -0.0030725687141275326
166 20230522 201604 564.158 3 -0.08544003745317529 0.04614571619211261
167 20230522 201605 557.268 3 -0.08544003745317529 -0.028554375793244713
168 20230522 201606 543.49 3 -0.07615773105863907 -0.08322760514252825
169 20230522 201607 542.133 3 -0.07615773105863907 2.4600177601419304e-05
170 20230522 201608 550.603 3 -0.06324555320336757 0.03394754715980275
171 20230522 201609 541.237 3 -0.06324555320336757 -0.07670632741663752
172 20230522 201610 534.826 3 -0.06324555320336757 -0.03377122781757724
173 20230522 201611 524.525 3 -0.06324555320336757 0.08316583206604289
174 20230522 201612 516.963 3 -0.04123105625617662 0.015598994195889171
175 20230522 201613 526.564 3 -0.04123105625617662 -0.11250817290049486
176 20230522 201614 520.648 4 -141.00435631568268 2.5285425714282974
177 20230522 201615 506.846 4 -141.00435631568268 2.5285425714282974
178 20230522 201616 500.711 4 -141.00435631568268 2.5285425714282974
179 20230522 201617 494.204 4 -141.00435631568268 2.5285425714282974
