49 207
49 207
49 207
49 207
49 207
49 206
49 207
49 207
49 207
49 206
49 207
49 207
49 206
49 207
49 207
49 207
49 206
49 207
49 207
49 207
49 207
49 207
49 207
49 207
49 207
49 208
49 207
49 206
49 207
49 208
49 207
49 207
49 206
49 207
49 207
49 207
49 208
49 207
49 208
49 207
49 208
49 207
49 208
49 207
49 207
49 207
49 208
49 208
49 207
49 207
49 207
49 207
49 207
49 207
49 208
49 208
49 208
49 208
49 208
49 207
49 208
49 207
49 207
49 207
49 208
49 207
49 208
49 207
49 208
49 208
49 208
49 207
49 208
49 207
49 208
49 208
49 207
49 208
49 207
49 208
49 208
49 207
49 207
49 207
49 207
49 208
49 208
49 208
49 208
49 208
49 208
49 208
49 207
49 207
49 208
49 207
49 207
49 208
49 207
49 207
49 207
49 208
49 207
49 207
49 207
49 207
49 207
49 208
49 207
49 207
49 207
49 208
49 207
49 208
49 208
49 198
49 197
49 198
49 197
49 197
49 198
49 197
49 197
49 198
49 197
49 197
49 197
49 197
49 198
49 198
49 197
49 197
49 197
49 197
49 197
49 197
49 196
49 197
49 197
49 197
49 197
49 198
49 197
49 198
49 198
49 198
49 198
49 198
49 198
49 198
49 198
49 198
49 197
49 198
49 197
49 197
49 198
49 198
49 198
49 198
49 197
49 197
49 197
49 197
49 198
49 196
49 196
49 197
49 197
49 197
49 197
49 197
49 198
49 197
49 197
49 198
49 198
49 198
49 198
49 197
49 197
49 198
49 198
49 198
49 196
49 196
49 197
49 198
49 198
49 198
49 197
49 197
49 197
49 197
49 197
49 197
49 197
49 197
49 197
49 197
49 198
49 197
49 197
49 197
49 197
49 198
49 198
49 198
49 197
49 197
49 197
49 197
49 197
49 197
49 196
49 197
49 197
49 197
49 197
49 197
49 197
49 197
49 197
49 197
49 197
49 197
49 197
49 197
49 197
49 197
49 196
49 197
49 197
49 196
49 196
49 197
49 197
49 196
49 196
49 196
49 196
49 197
49 197
49 197
49 197
49 197
49 197
49 198
49 197
49 197
49 197
49 197
49 197
49 197
49 198
49 197
49 197
49 197
49 196
49 196
49 195
49 197
49 197
49 197
49 197
49 197
49 196
49 196
49 197
49 197
49 197
49 197
49 196
49 196
49 197
49 197
49 197
49 196
49 197
49 196
49 196
49 196
49 198
49 197
49 197
49 197
49 196
49 196
49 196
49 196
49 197
49 197
49 197
49 198
49 197
49 196
49 196
49 196
49 197
49 197
49 198
49 198
49 197
49 196
49 196
49 195
49 196
49 196
49 196
49 197
49 197
49 197
49 197
49 197
49 196
49 196
49 196
49 197
49 196
49 196
49 197
49 196
49 196
49 196
49 196
49 196
49 195
49 196
49 196
49 197
49 197
49 197
49 197
49 196
49 197
49 197
49 196
49 196
49 196
49 196
49 196
49 196
49 196
49 196
49 197
49 197
49 197
49 197
49 197
49 196
49 196
49 196
49 196
49 196
49 196
49 197
49 196
49 196
49 195
49 197
49 196
49 196
49 196
49 196
49 196
49 196
49 196
49 196
49 196
49 196
49 197
49 196
49 196
49 196
49 196
49 196
49 196
49 196
49 195
49 196
49 196
49 196
49 196
49 197
49 197
49 195
49 196
49 196
49 196
49 196
49 196
49 196
49 194
49 194
49 194
49 194
49 195
49 194
49 195
49 194
49 195
49 194
49 194
49 195
49 195
49 194
49 193
49 194
49 195
49 194
49 195
49 196
49 194
49 195
49 196
49 194
